1
0
1
750
12
1
1
11
480
121
1
1
12
520
0
1
1
13
180
0
11
2
111
400
14
11
2
112
0
0
11
2
113
230
6
12
2
121
220
0
12
2
122
210
0
12
2
123
140
0
13
2
131
170
1
111
3
1111
0
40
111
3
1112
0
0
111
3
1113
0
0
113
3
1131
400
61
113
3
1132
0
0
121
3
1211
0
0
121
3
1212
200
0
122
3
1221
0
0
122
3
1222
100
9
123
3
1231
130
0
131
3
1311
440
16
1131
4
11311
0
10
1131
4
11312
0
0
1131
4
11313
0
0
1212
4
12121
0
0
1212
4
12122
0
0
1222
4
12221
0
90
1231
4
12311
400
7
1311
4
13111
0
150
1311
4
13112
200
14
1311
4
13113
110
4
12311
5
123111
0
0
12311
5
123112
0
70
12311
5
123113
0
0
13112
5
131121
0
0
13112
5
131122
0
140
13113
5
131131
100
41
131131
6
1311311
0
410
